$molecule
0 3
C 0.0000000000 0.0000000000 0.0000000000
$end


$rem
AUX_BASIS_CORR GEN
MEM_TOTAL 12000
MEM_STATIC 1500
SCF_CONVERGENCE 7
SCF_ALGORITHM  GDM
GEN_SCFMAN FALSE
UNRESTRICTED True
THRESH  14
SYMMETRY FALSE
SYM_IGNORE TRUE
MAX_SCF_CYCLES 0

XC_GRID 000500000974
BASIS AUG-CC-PCV5Z
SCF_GUESS READ
SCF_GUESS_MIX 0
MP2_RESTART_NO_SCF TRUE
NO_ORTHO TRUE
SCF_FINAL_PRINT 1
EXCHANGE COACH
CORRELATION RIMP2
N_FROZEN_CORE FC
N_FROZEN_VIRTUAL 0
SCS 3
SSS_FACTOR 1000000
SOS_FACTOR 1000000


$end











$aux_basis
C 0
S 1 1.0
6935.0405017194698 1
S 1 1.0
3852.8002787330388 1
S 1 1.0
2140.4445992961323 1
S 1 1.0
1189.1358884978513 1
S 1 1.0
660.63104916547286 1
S 1 1.0
367.01724953637387 1
S 1 1.0
203.89847196465215 1
S 1 1.0
113.27692886925118 1
S 1 1.0
62.931627149583996 1
S 1 1.0
34.962015083102216 1
S 1 1.0
19.423341712834564 1
S 1 1.0
10.790745396019203 1
S 1 1.0
5.9948585533440006 1
S 1 1.0
3.3304769740800002 1
S 1 1.0
1.8502649856000002 1
S 1 1.0
1.027924992 1
S 1 1.0
0.57106943999999993 1
S 1 1.0
0.31726080000000001 1
S 1 1.0
0.176256 1
S 1 1.0
0.097919999999999993 1
S 1 1.0
0.054399999999999997 1
P 1 1.0
2140.4445992961323 1
P 1 1.0
1189.1358884978513 1
P 1 1.0
660.63104916547286 1
P 1 1.0
367.01724953637387 1
P 1 1.0
203.89847196465215 1
P 1 1.0
113.27692886925118 1
P 1 1.0
62.931627149583996 1
P 1 1.0
34.962015083102216 1
P 1 1.0
19.423341712834564 1
P 1 1.0
10.790745396019203 1
P 1 1.0
5.9948585533440006 1
P 1 1.0
3.3304769740800002 1
P 1 1.0
1.8502649856000002 1
P 1 1.0
1.027924992 1
P 1 1.0
0.57106943999999993 1
P 1 1.0
0.31726080000000001 1
P 1 1.0
0.176256 1
P 1 1.0
0.097919999999999993 1
P 1 1.0
0.054399999999999997 1
D 1 1.0
1189.1358884978513 1
D 1 1.0
660.63104916547286 1
D 1 1.0
367.01724953637387 1
D 1 1.0
203.89847196465215 1
D 1 1.0
113.27692886925118 1
D 1 1.0
62.931627149583996 1
D 1 1.0
34.962015083102216 1
D 1 1.0
19.423341712834564 1
D 1 1.0
10.790745396019203 1
D 1 1.0
5.9948585533440006 1
D 1 1.0
3.3304769740800002 1
D 1 1.0
1.8502649856000002 1
D 1 1.0
1.027924992 1
D 1 1.0
0.57106943999999993 1
D 1 1.0
0.31726080000000001 1
D 1 1.0
0.176256 1
D 1 1.0
0.097919999999999993 1
D 1 1.0
0.054399999999999997 1
F 1 1.0
258.42804876055573 1
F 1 1.0
117.46729489116169 1
F 1 1.0
53.394224950528034 1
F 1 1.0
24.270102250240015 1
F 1 1.0
11.031864659200005 1
F 1 1.0
5.0144839360000013 1
F 1 1.0
2.2793108800000006 1
F 1 1.0
1.0360504000000004 1
F 1 1.0
0.47093200000000007 1
F 1 1.0
0.21406 1
F 1 1.0
0.097299999999999998 1
G 1 1.0
169.25914433443853 1
G 1 1.0
76.935974697472048 1
G 1 1.0
34.970897589760021 1
G 1 1.0
15.895862540800007 1
G 1 1.0
7.225392064000002 1
G 1 1.0
3.2842691200000007 1
G 1 1.0
1.4928496000000004 1
G 1 1.0
0.67856800000000006 1
G 1 1.0
0.30843999999999999 1
G 1 1.0
0.14019999999999999 1
H 1 1.0
162.96516036976092 1
H 1 1.0
70.854417552069961 1
H 1 1.0
30.806268500899989 1
H 1 1.0
13.394029782999997 1
H 1 1.0
5.8234912099999985 1
H 1 1.0
2.5319526999999997 1
H 1 1.0
1.100849 1
H 1 1.0
0.47863 1
H 1 1.0
0.20810000000000001 1
I 1 1.0
201.20400000000001 1
I 1 1.0
67.068000000000012 1
I 1 1.0
22.356000000000002 1
I 1 1.0
7.4520000000000008 1
I 1 1.0
2.484 1
I 1 1.0
0.82800000000000007 1
I 1 1.0
0.27600000000000002 1
****
$end
