$molecule
0 3
C 0.0000000000 0.0000000000 0.0000000000
$end


$rem
AUX_BASIS_CORR GEN
MEM_TOTAL 12000
MEM_STATIC 1500
SCF_CONVERGENCE 7
SCF_ALGORITHM  GDM
GEN_SCFMAN FALSE
UNRESTRICTED True
THRESH  14
SYMMETRY FALSE
SYM_IGNORE TRUE
MAX_SCF_CYCLES 0

XC_GRID 000500000974
BASIS AUG-CC-PCV5Z
SCF_GUESS READ
SCF_GUESS_MIX 0
MP2_RESTART_NO_SCF TRUE
NO_ORTHO TRUE
SCF_FINAL_PRINT 1
EXCHANGE COACH
CORRELATION RIMP2
N_FROZEN_CORE FC
N_FROZEN_VIRTUAL 0
SCS 3
SSS_FACTOR 1000000
SOS_FACTOR 1000000


$end











$aux_basis
C 0
S 1 1.0
6.9350405017194698e+03 1.0000000000000000e+00
S 1 1.0
3.8528002787330388e+03 1.0000000000000000e+00
S 1 1.0
2.1404445992961323e+03 1.0000000000000000e+00
S 1 1.0
1.1891358884978513e+03 1.0000000000000000e+00
S 1 1.0
6.6063104916547286e+02 1.0000000000000000e+00
S 1 1.0
3.6701724953637387e+02 1.0000000000000000e+00
S 1 1.0
2.0389847196465215e+02 1.0000000000000000e+00
S 1 1.0
1.1327692886925118e+02 1.0000000000000000e+00
S 1 1.0
6.2931627149583996e+01 1.0000000000000000e+00
S 1 1.0
3.4962015083102216e+01 1.0000000000000000e+00
S 1 1.0
1.9423341712834564e+01 1.0000000000000000e+00
S 1 1.0
1.0790745396019203e+01 1.0000000000000000e+00
S 1 1.0
5.9948585533440006e+00 1.0000000000000000e+00
S 1 1.0
3.3304769740800002e+00 1.0000000000000000e+00
S 1 1.0
1.8502649856000002e+00 1.0000000000000000e+00
S 1 1.0
1.0279249920000000e+00 1.0000000000000000e+00
S 1 1.0
5.7106943999999993e-01 1.0000000000000000e+00
S 1 1.0
3.1726080000000001e-01 1.0000000000000000e+00
S 1 1.0
1.7625600000000000e-01 1.0000000000000000e+00
S 1 1.0
9.7919999999999993e-02 1.0000000000000000e+00
S 1 1.0
5.4399999999999997e-02 1.0000000000000000e+00
P 1 1.0
2.1404445992961323e+03 1.0000000000000000e+00
P 1 1.0
1.1891358884978513e+03 1.0000000000000000e+00
P 1 1.0
6.6063104916547286e+02 1.0000000000000000e+00
P 1 1.0
3.6701724953637387e+02 1.0000000000000000e+00
P 1 1.0
2.0389847196465215e+02 1.0000000000000000e+00
P 1 1.0
1.1327692886925118e+02 1.0000000000000000e+00
P 1 1.0
6.2931627149583996e+01 1.0000000000000000e+00
P 1 1.0
3.4962015083102216e+01 1.0000000000000000e+00
P 1 1.0
1.9423341712834564e+01 1.0000000000000000e+00
P 1 1.0
1.0790745396019203e+01 1.0000000000000000e+00
P 1 1.0
5.9948585533440006e+00 1.0000000000000000e+00
P 1 1.0
3.3304769740800002e+00 1.0000000000000000e+00
P 1 1.0
1.8502649856000002e+00 1.0000000000000000e+00
P 1 1.0
1.0279249920000000e+00 1.0000000000000000e+00
P 1 1.0
5.7106943999999993e-01 1.0000000000000000e+00
P 1 1.0
3.1726080000000001e-01 1.0000000000000000e+00
P 1 1.0
1.7625600000000000e-01 1.0000000000000000e+00
P 1 1.0
9.7919999999999993e-02 1.0000000000000000e+00
P 1 1.0
5.4399999999999997e-02 1.0000000000000000e+00
D 1 1.0
1.1891358884978513e+03 1.0000000000000000e+00
D 1 1.0
6.6063104916547286e+02 1.0000000000000000e+00
D 1 1.0
3.6701724953637387e+02 1.0000000000000000e+00
D 1 1.0
2.0389847196465215e+02 1.0000000000000000e+00
D 1 1.0
1.1327692886925118e+02 1.0000000000000000e+00
D 1 1.0
6.2931627149583996e+01 1.0000000000000000e+00
D 1 1.0
3.4962015083102216e+01 1.0000000000000000e+00
D 1 1.0
1.9423341712834564e+01 1.0000000000000000e+00
D 1 1.0
1.0790745396019203e+01 1.0000000000000000e+00
D 1 1.0
5.9948585533440006e+00 1.0000000000000000e+00
D 1 1.0
3.3304769740800002e+00 1.0000000000000000e+00
D 1 1.0
1.8502649856000002e+00 1.0000000000000000e+00
D 1 1.0
1.0279249920000000e+00 1.0000000000000000e+00
D 1 1.0
5.7106943999999993e-01 1.0000000000000000e+00
D 1 1.0
3.1726080000000001e-01 1.0000000000000000e+00
D 1 1.0
1.7625600000000000e-01 1.0000000000000000e+00
D 1 1.0
9.7919999999999993e-02 1.0000000000000000e+00
D 1 1.0
5.4399999999999997e-02 1.0000000000000000e+00
F 1 1.0
2.5842804876055573e+02 1.0000000000000000e+00
F 1 1.0
1.1746729489116169e+02 1.0000000000000000e+00
F 1 1.0
5.3394224950528034e+01 1.0000000000000000e+00
F 1 1.0
2.4270102250240015e+01 1.0000000000000000e+00
F 1 1.0
1.1031864659200005e+01 1.0000000000000000e+00
F 1 1.0
5.0144839360000013e+00 1.0000000000000000e+00
F 1 1.0
2.2793108800000006e+00 1.0000000000000000e+00
F 1 1.0
1.0360504000000004e+00 1.0000000000000000e+00
F 1 1.0
4.7093200000000007e-01 1.0000000000000000e+00
F 1 1.0
2.1406000000000000e-01 1.0000000000000000e+00
F 1 1.0
9.7299999999999998e-02 1.0000000000000000e+00
G 1 1.0
1.6925914433443853e+02 1.0000000000000000e+00
G 1 1.0
7.6935974697472048e+01 1.0000000000000000e+00
G 1 1.0
3.4970897589760021e+01 1.0000000000000000e+00
G 1 1.0
1.5895862540800007e+01 1.0000000000000000e+00
G 1 1.0
7.2253920640000020e+00 1.0000000000000000e+00
G 1 1.0
3.2842691200000007e+00 1.0000000000000000e+00
G 1 1.0
1.4928496000000004e+00 1.0000000000000000e+00
G 1 1.0
6.7856800000000006e-01 1.0000000000000000e+00
G 1 1.0
3.0843999999999999e-01 1.0000000000000000e+00
G 1 1.0
1.4019999999999999e-01 1.0000000000000000e+00
H 1 1.0
1.6296516036976092e+02 1.0000000000000000e+00
H 1 1.0
7.0854417552069961e+01 1.0000000000000000e+00
H 1 1.0
3.0806268500899989e+01 1.0000000000000000e+00
H 1 1.0
1.3394029782999997e+01 1.0000000000000000e+00
H 1 1.0
5.8234912099999985e+00 1.0000000000000000e+00
H 1 1.0
2.5319526999999997e+00 1.0000000000000000e+00
H 1 1.0
1.1008490000000000e+00 1.0000000000000000e+00
H 1 1.0
4.7863000000000000e-01 1.0000000000000000e+00
H 1 1.0
2.0810000000000001e-01 1.0000000000000000e+00
I 1 1.0
2.0120400000000001e+02 1.0000000000000000e+00
I 1 1.0
6.7068000000000012e+01 1.0000000000000000e+00
I 1 1.0
2.2356000000000002e+01 1.0000000000000000e+00
I 1 1.0
7.4520000000000008e+00 1.0000000000000000e+00
I 1 1.0
2.4840000000000000e+00 1.0000000000000000e+00
I 1 1.0
8.2800000000000007e-01 1.0000000000000000e+00
I 1 1.0
2.7600000000000002e-01 1.0000000000000000e+00
****
$end
